200,00	0,88
201,00	2,55
202,00	2,87
203,00	2,48
204,00	-1,37
205,00	3,89
206,00	-1,61
207,00	-3,34
208,00	-3,25
209,00	-1,14
210,00	-1,04
211,00	0,68
212,00	-1,73
213,00	0,65
214,00	-1,29
215,00	-3,57
216,00	-0,30
217,00	-2,03
218,00	-1,97
219,00	-0,42
220,00	0,53
221,00	0,67
222,00	-0,17
223,00	-1,69
224,00	-2,44
225,00	-3,20
226,00	-4,75
227,00	-2,11
228,00	-1,54
229,00	-2,61
230,00	-2,19
231,00	-0,25
232,00	-2,53
233,00	-3,62
234,00	-3,14
235,00	-1,48
236,00	-2,60
237,00	-2,25
238,00	-1,25
239,00	-0,93
240,00	-3,20
241,00	-1,67
242,00	-0,54
243,00	-1,50
244,00	-4,70
245,00	-5,14
246,00	-3,09
247,00	-0,19
248,00	-2,68
249,00	-6,34
250,00	-3,33
251,00	-0,83
252,00	-0,50
253,00	-0,12
254,00	-2,72
255,00	4,30
256,00	-3,00
257,00	-3,42
258,00	-0,69
259,00	-2,21
260,00	-0,02
261,00	-3,68
262,00	-2,67
263,00	-2,50
264,00	-1,97
265,00	-0,44
266,00	0,54
267,00	-0,11
268,00	1,76
269,00	0,96
270,00	-1,21
271,00	-0,96
272,00	-1,50
273,00	-2,00
274,00	0,36
275,00	-4,29
276,00	0,80
277,00	0,20
278,00	1,73
279,00	1,11
280,00	0,30
281,00	-3,68
282,00	3,58
283,00	-2,17
284,00	-3,05
285,00	-2,05
286,00	-3,19
287,00	-2,24
288,00	-2,95
289,00	-2,12
290,00	1,38
291,00	0,62
292,00	-0,42
293,00	-0,50
294,00	-2,24
295,00	0,48
296,00	0,14
297,00	-1,44
298,00	1,51
299,00	0,04
300,00	-1,84
301,00	-2,19
302,00	0,87
303,00	1,88
304,00	-0,42
305,00	-2,11
306,00	-1,52
307,00	1,43
308,00	0,91
309,00	-0,83
310,00	-0,89
311,00	-2,58
312,00	-4,31
313,00	-2,32
314,00	1,88
315,00	-3,01
316,00	-1,52
317,00	-3,48
318,00	-4,31
319,00	-1,32
320,00	1,86
321,00	-1,99
322,00	-3,44
323,00	0,08
324,00	-2,03
325,00	1,98
326,00	0,37
327,00	1,00
328,00	0,45
329,00	-1,44
330,00	-1,71
331,00	-2,95
332,00	2,91
333,00	0,54
334,00	0,84
335,00	-0,01
336,00	0,05
337,00	0,63
338,00	-3,91
339,00	-2,35
340,00	-0,68
341,00	-2,35
342,00	-2,55
343,00	-0,29
344,00	2,84
345,00	-2,72
346,00	-1,30
347,00	-0,75
348,00	-1,47
349,00	2,01
350,00	2,68
351,00	-0,05
352,00	-2,64
353,00	-2,68
354,00	-2,81
355,00	1,97
356,00	-1,22
357,00	-4,09
358,00	-1,79
359,00	-0,33
360,00	0,46
361,00	-0,19
362,00	-1,61
363,00	-0,91
364,00	-2,58
365,00	1,21
366,00	2,10
367,00	3,52
368,00	1,62
369,00	-0,96
370,00	1,97
371,00	-3,34
372,00	-0,63
373,00	-4,76
374,00	-0,88
375,00	-1,58
376,00	-0,32
377,00	-2,81
378,00	-3,03
379,00	-3,47
380,00	-5,22
381,00	1,37
382,00	-2,51
383,00	-2,91
384,00	-1,06
385,00	-3,37
386,00	-1,84
387,00	0,35
388,00	-3,64
389,00	-3,44
390,00	-0,18
391,00	-0,21
392,00	0,31
393,00	-6,78
394,00	0,74
395,00	-0,81
396,00	0,37
397,00	-0,00
398,00	-2,63
399,00	-2,57
400,00	-3,05
401,00	2,69
402,00	1,01
403,00	2,85
404,00	0,76
405,00	2,94
406,00	-0,13
407,00	-0,61
408,00	1,20
409,00	-0,30
410,00	-3,39
411,00	0,68
412,00	-1,96
413,00	2,59
414,00	-1,54
415,00	-1,50
416,00	-2,80
417,00	-0,03
418,00	-3,78
419,00	-0,51
420,00	0,38
421,00	-2,09
422,00	-2,45
423,00	-1,18
424,00	2,39
425,00	0,87
426,00	-2,88
427,00	-3,32
428,00	-0,71
429,00	2,31
430,00	-1,30
431,00	-1,64
432,00	-2,89
433,00	1,07
434,00	-0,19
435,00	-3,36
436,00	-0,67
437,00	0,23
438,00	3,61
439,00	1,54
440,00	1,57
441,00	-0,18
442,00	-0,34
443,00	4,43
444,00	0,40
445,00	4,87
446,00	2,58
447,00	0,86
448,00	0,83
449,00	-0,86
450,00	-1,11
451,00	3,71
452,00	2,36
453,00	0,17
454,00	1,73
455,00	3,62
456,00	4,01
457,00	0,95
458,00	4,95
459,00	2,51
460,00	2,26
461,00	1,33
462,00	1,14
463,00	5,04
464,00	-0,40
465,00	3,94
466,00	4,65
467,00	8,81
468,00	7,76
469,00	10,43
470,00	11,30
471,00	9,29
472,00	14,75
473,00	14,68
474,00	16,61
475,00	17,62
476,00	18,09
477,00	24,63
478,00	25,97
479,00	31,73
480,00	37,92
481,00	40,01
482,00	44,07
483,00	50,63
484,00	58,63
485,00	67,46
486,00	71,84
487,00	84,32
488,00	95,30
489,00	111,81
490,00	123,20
491,00	142,99
492,00	157,46
493,00	176,25
494,00	201,69
495,00	227,31
496,00	254,83
497,00	286,77
498,00	315,10
499,00	355,44
500,00	395,47
501,00	437,76
502,00	486,09
503,00	532,47
504,00	587,55
505,00	642,98
506,00	708,11
507,00	771,61
508,00	842,38
509,00	914,13
510,00	993,05
511,00	1071,63
512,00	1153,65
513,00	1240,57
514,00	1320,48
515,00	1408,88
516,00	1498,32
517,00	1584,64
518,00	1669,71
519,00	1758,51
520,00	1837,43
521,00	1913,18
522,00	1987,10
523,00	2056,87
524,00	2116,03
525,00	2175,86
526,00	2228,04
527,00	2271,07
528,00	2306,09
529,00	2336,13
530,00	2349,94
531,00	2364,18
532,00	2369,09
533,00	2366,20
534,00	2352,52
535,00	2330,51
536,00	2302,50
537,00	2266,42
538,00	2220,77
539,00	2167,76
540,00	2115,20
541,00	2058,50
542,00	1991,46
543,00	1922,68
544,00	1852,86
545,00	1780,15
546,00	1704,39
547,00	1625,79
548,00	1555,63
549,00	1475,21
550,00	1401,22
551,00	1328,66
552,00	1254,54
553,00	1190,20
554,00	1121,67
555,00	1054,74
556,00	995,36
557,00	936,17
558,00	881,81
559,00	828,96
560,00	782,38
561,00	733,85
562,00	686,47
563,00	645,42
564,00	601,10
565,00	564,39
566,00	525,56
567,00	494,94
568,00	463,02
569,00	429,90
570,00	405,45
571,00	374,18
572,00	347,54
573,00	321,14
574,00	302,76
575,00	281,90
576,00	261,01
577,00	242,52
578,00	220,42
579,00	208,85
580,00	193,14
581,00	177,52
582,00	170,50
583,00	155,19
584,00	143,01
585,00	135,39
586,00	124,09
587,00	115,61
588,00	112,02
589,00	100,24
590,00	94,85
591,00	88,50
592,00	81,07
593,00	75,26
594,00	72,45
595,00	69,63
596,00	59,65
597,00	57,68
598,00	55,06
599,00	51,71
600,00	45,19
601,00	42,85
602,00	41,22
603,00	41,59
604,00	38,47
605,00	32,33
606,00	31,44
607,00	25,63
608,00	23,28
609,00	23,41
610,00	25,82
611,00	19,25
612,00	19,66
613,00	20,46
614,00	16,07
615,00	12,77
616,00	13,07
617,00	11,61
618,00	11,80
619,00	8,09
620,00	12,36
621,00	12,98
622,00	8,97
623,00	5,36
624,00	9,00
625,00	8,13
626,00	7,70
627,00	7,54
628,00	7,18
629,00	5,63
630,00	6,29
631,00	4,92
632,00	3,10
633,00	3,51
634,00	3,74
635,00	8,43
636,00	5,00
637,00	-0,02
638,00	0,83
639,00	0,47
640,00	4,44
641,00	0,09
642,00	2,14
643,00	3,71
644,00	0,50
645,00	1,25
646,00	1,26
647,00	1,12
648,00	1,23
649,00	3,20
650,00	1,07
651,00	2,20
652,00	2,05
653,00	1,54
654,00	0,97
655,00	-3,50
656,00	1,69
657,00	0,22
658,00	-1,59
659,00	2,15
660,00	-0,21
661,00	3,16
662,00	-0,22
663,00	-1,61
664,00	2,55
665,00	-3,04
666,00	-2,09
667,00	-1,25
668,00	1,62
669,00	0,81
670,00	-1,54
671,00	-0,84
672,00	-0,64
673,00	-4,41
674,00	0,23
675,00	0,01
676,00	-0,23
677,00	-1,31
678,00	-0,37
679,00	2,65
680,00	-0,71
681,00	0,95
682,00	1,77
683,00	1,93
684,00	1,60
685,00	0,51
686,00	0,01
687,00	2,21
688,00	2,09
689,00	-1,74
690,00	-2,24
691,00	-4,46
692,00	2,88
693,00	-0,57
694,00	-1,03
695,00	1,37
696,00	1,21
697,00	-1,26
698,00	-0,98
699,00	0,85
700,00	2,04
701,00	-2,04
702,00	3,51
703,00	0,32
704,00	-0,52
705,00	-1,42
706,00	-1,51
707,00	-0,57
708,00	-0,73
709,00	0,26
710,00	-1,80
711,00	-1,37
712,00	0,59
713,00	-1,05
714,00	-3,55
715,00	1,07
716,00	-2,15
717,00	-0,64
718,00	-1,19
719,00	-3,42
720,00	-2,51
721,00	1,18
722,00	-1,97
723,00	-3,07
724,00	-2,60
725,00	1,71
726,00	-2,72
727,00	-1,96
728,00	-2,16
729,00	-0,69
730,00	-1,17
731,00	-3,00
732,00	-3,37
733,00	-3,60
734,00	-4,23
735,00	-0,54
736,00	-2,98
737,00	-0,26
738,00	-2,47
739,00	-5,77
740,00	0,87
741,00	-5,31
742,00	-7,14
743,00	-3,76
744,00	-2,33
745,00	-3,62
746,00	-2,37
747,00	-5,07
748,00	-3,50
749,00	-1,18
750,00	-2,85
751,00	-2,43
752,00	-2,09
753,00	1,45
754,00	-0,88
755,00	-2,52
756,00	1,16
757,00	0,59
758,00	-1,47
759,00	-0,08
760,00	-2,14
761,00	-0,08
762,00	-4,45
763,00	-0,63
764,00	-4,26
765,00	-1,07
766,00	-0,48
767,00	-3,47
768,00	-1,77
769,00	-2,18
770,00	-2,55
771,00	0,15
772,00	-2,58
773,00	-2,65
774,00	0,34
775,00	-1,72
776,00	0,25
777,00	0,18
778,00	-2,15
779,00	-0,03
780,00	0,77
781,00	-0,37
782,00	-5,53
783,00	-2,56
784,00	-2,37
785,00	-4,51
786,00	-0,57
787,00	-2,60
788,00	0,61
789,00	-1,60
790,00	-2,49
791,00	1,21
792,00	-4,34
793,00	-2,83
794,00	-1,73
795,00	-0,44
796,00	-0,99
797,00	0,53
798,00	-0,93
799,00	-7,17
800,00	-1,74
801,00	-2,57
802,00	-0,30
803,00	-0,78
804,00	-1,70
805,00	-2,88
806,00	-2,90
807,00	-5,55
808,00	-3,11
809,00	-2,75
810,00	-5,02
811,00	-3,61
812,00	1,21
813,00	-1,38
814,00	-1,98
815,00	-5,18
816,00	0,55
817,00	-1,32
818,00	-1,14
819,00	-1,19
820,00	-0,59
821,00	-3,51
822,00	-3,32
823,00	-2,15
824,00	-5,41
825,00	-3,06
826,00	-0,89
827,00	-1,30
828,00	2,06
829,00	-1,91
830,00	-1,30
831,00	-2,50
832,00	-2,92
833,00	-3,01
834,00	-0,97
835,00	-1,28
836,00	-1,46
837,00	-3,42
838,00	-1,13
839,00	1,37
840,00	0,41
841,00	-1,58
842,00	-2,29
843,00	-2,48
844,00	-3,07
845,00	0,81
846,00	-3,99
847,00	-4,77
848,00	-3,62
849,00	-3,31
850,00	-0,50
>>>>>End Processed Spectral Data<<<<<
