200,00	-1,17
201,00	-2,63
202,00	-1,48
203,00	4,87
204,00	1,34
205,00	-0,22
206,00	-1,84
207,00	-3,40
208,00	-2,94
209,00	-0,55
210,00	-0,22
211,00	1,32
212,00	-1,12
213,00	1,82
214,00	0,08
215,00	-2,38
216,00	0,83
217,00	-0,92
218,00	-0,61
219,00	0,95
220,00	1,62
221,00	1,94
222,00	1,37
223,00	-0,23
224,00	-0,66
225,00	-1,32
226,00	-2,97
227,00	-0,46
228,00	-0,25
229,00	-1,71
230,00	-1,14
231,00	1,10
232,00	-1,09
233,00	-2,35
234,00	-1,85
235,00	0,01
236,00	-0,98
237,00	-1,21
238,00	-0,50
239,00	-0,51
240,00	-2,69
241,00	-0,86
242,00	0,38
243,00	-0,34
244,00	-3,27
245,00	-3,67
246,00	-1,69
247,00	1,16
248,00	-1,90
249,00	-5,15
250,00	-2,29
251,00	0,33
252,00	0,77
253,00	1,56
254,00	-0,88
255,00	6,06
256,00	-1,14
257,00	-1,60
258,00	0,82
259,00	-0,39
260,00	1,61
261,00	-1,96
262,00	-1,27
263,00	-0,64
264,00	-0,16
265,00	1,41
266,00	2,05
267,00	1,22
268,00	2,74
269,00	1,99
270,00	-0,00
271,00	-0,02
272,00	-0,39
273,00	-0,73
274,00	1,37
275,00	-3,16
276,00	1,82
277,00	1,19
278,00	2,47
279,00	1,25
280,00	0,03
281,00	-4,16
282,00	3,38
283,00	-2,37
284,00	-3,06
285,00	-2,29
286,00	-3,24
287,00	-2,48
288,00	-3,04
289,00	-2,35
290,00	1,15
291,00	0,53
292,00	-0,32
293,00	-0,34
294,00	-1,67
295,00	1,38
296,00	1,47
297,00	-0,20
298,00	2,68
299,00	0,93
300,00	-1,09
301,00	-1,46
302,00	1,53
303,00	2,47
304,00	0,26
305,00	-1,41
306,00	-1,06
307,00	2,02
308,00	1,72
309,00	-0,21
310,00	-0,14
311,00	-1,85
312,00	-3,62
313,00	-1,43
314,00	2,61
315,00	-2,38
316,00	-1,00
317,00	-2,95
318,00	-3,83
319,00	-0,75
320,00	2,45
321,00	-1,57
322,00	-3,07
323,00	0,51
324,00	-1,82
325,00	1,93
326,00	0,18
327,00	0,97
328,00	0,23
329,00	-1,99
330,00	-1,84
331,00	-2,94
332,00	3,46
333,00	1,16
334,00	1,09
335,00	0,07
336,00	0,39
337,00	1,10
338,00	-3,63
339,00	-1,80
340,00	0,18
341,00	-1,58
342,00	-1,80
343,00	0,57
344,00	4,11
345,00	-1,62
346,00	-0,44
347,00	-0,47
348,00	-1,10
349,00	2,69
350,00	3,96
351,00	1,49
352,00	-1,06
353,00	-1,31
354,00	-1,30
355,00	2,99
356,00	0,11
357,00	-2,57
358,00	-0,37
359,00	1,13
360,00	2,14
361,00	1,71
362,00	0,00
363,00	0,65
364,00	-1,05
365,00	2,36
366,00	3,09
367,00	4,49
368,00	2,60
369,00	0,17
370,00	3,70
371,00	-1,75
372,00	1,20
373,00	-2,87
374,00	1,39
375,00	0,92
376,00	2,32
377,00	0,46
378,00	0,27
379,00	-0,03
380,00	-1,63
381,00	5,02
382,00	0,98
383,00	1,00
384,00	2,85
385,00	0,80
386,00	2,42
387,00	4,53
388,00	1,08
389,00	1,48
390,00	4,59
391,00	4,72
392,00	5,72
393,00	-1,13
394,00	7,04
395,00	6,52
396,00	8,71
397,00	9,88
398,00	8,60
399,00	10,10
400,00	11,49
401,00	19,43
402,00	20,88
403,00	25,89
404,00	27,21
405,00	34,16
406,00	36,82
407,00	42,24
408,00	51,52
409,00	57,95
410,00	63,90
411,00	79,83
412,00	89,31
413,00	106,65
414,00	119,25
415,00	135,36
416,00	151,48
417,00	174,08
418,00	192,36
419,00	220,23
420,00	249,96
421,00	279,02
422,00	309,80
423,00	352,96
424,00	400,87
425,00	451,72
426,00	501,77
427,00	564,62
428,00	638,05
429,00	724,38
430,00	816,64
431,00	914,37
432,00	1027,78
433,00	1156,82
434,00	1284,81
435,00	1414,78
436,00	1578,02
437,00	1727,72
438,00	1872,06
439,00	2016,82
440,00	2144,79
441,00	2258,48
442,00	2353,90
443,00	2430,70
444,00	2461,18
445,00	2486,22
446,00	2491,06
447,00	2462,79
448,00	2411,24
449,00	2340,30
450,00	2255,50
451,00	2134,36
452,00	2018,75
453,00	1881,33
454,00	1736,80
455,00	1595,33
456,00	1457,69
457,00	1320,72
458,00	1202,93
459,00	1095,99
460,00	987,98
461,00	886,58
462,00	797,44
463,00	721,83
464,00	645,46
465,00	582,74
466,00	524,86
467,00	469,44
468,00	424,41
469,00	383,93
470,00	346,68
471,00	308,85
472,00	282,45
473,00	252,00
474,00	226,95
475,00	204,56
476,00	183,96
477,00	170,22
478,00	153,43
479,00	141,80
480,00	131,60
481,00	117,89
482,00	106,14
483,00	97,67
484,00	89,59
485,00	82,34
486,00	70,63
487,00	66,78
488,00	61,00
489,00	60,26
490,00	53,28
491,00	51,24
492,00	43,57
493,00	37,55
494,00	36,29
495,00	34,92
496,00	30,95
497,00	30,22
498,00	22,69
499,00	23,02
500,00	22,20
501,00	19,87
502,00	19,11
503,00	14,35
504,00	14,42
505,00	13,14
506,00	13,19
507,00	9,49
508,00	8,21
509,00	6,23
510,00	8,24
511,00	8,26
512,00	6,17
513,00	8,46
514,00	3,91
515,00	4,14
516,00	5,41
517,00	5,19
518,00	5,69
519,00	7,43
520,00	1,82
521,00	2,18
522,00	3,05
523,00	5,38
524,00	1,18
525,00	1,83
526,00	3,15
527,00	3,85
528,00	3,74
529,00	3,65
530,00	-0,02
531,00	1,52
532,00	1,61
533,00	3,41
534,00	2,55
535,00	2,11
536,00	2,35
537,00	1,39
538,00	0,39
539,00	-2,06
540,00	1,00
541,00	4,02
542,00	1,34
543,00	-0,36
544,00	3,32
545,00	3,11
546,00	2,37
547,00	1,00
548,00	4,87
549,00	1,47
550,00	0,65
551,00	1,85
552,00	0,60
553,00	3,73
554,00	1,63
555,00	-1,28
556,00	0,95
557,00	0,60
558,00	1,42
559,00	1,18
560,00	3,37
561,00	2,49
562,00	0,15
563,00	2,13
564,00	-1,17
565,00	1,01
566,00	-2,67
567,00	-0,51
568,00	-0,33
569,00	-3,70
570,00	0,90
571,00	-3,01
572,00	-4,02
573,00	-5,83
574,00	-1,81
575,00	-1,02
576,00	-0,75
577,00	-0,73
578,00	-6,17
579,00	-2,33
580,00	-3,04
581,00	-4,16
582,00	1,56
583,00	-0,93
584,00	-2,27
585,00	0,30
586,00	-1,56
587,00	-1,05
588,00	3,29
589,00	-0,75
590,00	0,68
591,00	0,18
592,00	-1,63
593,00	-1,42
594,00	0,47
595,00	2,12
596,00	-3,19
597,00	-0,65
598,00	0,27
599,00	0,86
600,00	-2,47
601,00	-1,74
602,00	-0,59
603,00	2,67
604,00	2,02
605,00	-1,66
606,00	-0,11
607,00	-3,67
608,00	-4,07
609,00	-1,22
610,00	2,75
611,00	-2,17
612,00	-0,06
613,00	1,88
614,00	-1,37
615,00	-3,67
616,00	-2,18
617,00	-2,61
618,00	-1,61
619,00	-5,11
620,00	-0,02
621,00	1,24
622,00	-1,99
623,00	-4,92
624,00	-1,00
625,00	-1,29
626,00	-1,26
627,00	-1,07
628,00	-1,08
629,00	-2,23
630,00	-0,90
631,00	-2,07
632,00	-3,69
633,00	-2,61
634,00	-1,58
635,00	3,45
636,00	0,36
637,00	-4,47
638,00	-3,42
639,00	-3,51
640,00	0,83
641,00	-3,11
642,00	-1,26
643,00	0,62
644,00	-2,24
645,00	-1,33
646,00	-1,27
647,00	-1,55
648,00	-1,85
649,00	0,07
650,00	-1,97
651,00	-0,68
652,00	-0,39
653,00	-1,01
654,00	-1,23
655,00	-5,62
656,00	-0,46
657,00	-1,60
658,00	-3,00
659,00	0,89
660,00	-1,40
661,00	2,36
662,00	-0,67
663,00	-1,86
664,00	2,24
665,00	-3,45
666,00	-3,00
667,00	-2,19
668,00	0,86
669,00	0,20
670,00	-2,15
671,00	-1,58
672,00	-1,49
673,00	-5,59
674,00	-0,78
675,00	-1,36
676,00	-1,98
677,00	-2,94
678,00	-1,86
679,00	1,21
680,00	-2,15
681,00	-0,48
682,00	-0,07
683,00	0,21
684,00	-0,40
685,00	-1,17
686,00	-1,46
687,00	0,79
688,00	0,62
689,00	-3,68
690,00	-3,95
691,00	-6,19
692,00	1,15
693,00	-2,28
694,00	-2,75
695,00	-0,57
696,00	-0,27
697,00	-2,81
698,00	-2,78
699,00	-1,09
700,00	-0,03
701,00	-4,15
702,00	1,52
703,00	-1,55
704,00	-2,13
705,00	-2,73
706,00	-2,81
707,00	-1,62
708,00	-1,91
709,00	-0,72
710,00	-2,63
711,00	-2,32
712,00	0,04
713,00	-1,42
714,00	-3,97
715,00	0,38
716,00	-2,86
717,00	-1,55
718,00	-1,88
719,00	-3,91
720,00	-3,07
721,00	0,80
722,00	-2,68
723,00	-3,69
724,00	-3,19
725,00	1,35
726,00	-2,89
727,00	-2,00
728,00	-2,26
729,00	-0,56
730,00	-0,83
731,00	-2,61
732,00	-2,75
733,00	-2,93
734,00	-3,64
735,00	-0,06
736,00	-2,47
737,00	0,43
738,00	-1,74
739,00	-4,87
740,00	1,60
741,00	-4,81
742,00	-6,66
743,00	-3,12
744,00	-1,72
745,00	-3,17
746,00	-2,00
747,00	-4,68
748,00	-3,61
749,00	-1,53
750,00	-3,08
751,00	-2,26
752,00	-1,92
753,00	1,20
754,00	-1,54
755,00	-3,12
756,00	0,66
757,00	-0,11
758,00	-2,28
759,00	-0,91
760,00	-3,09
761,00	-0,56
762,00	-5,09
763,00	-0,90
764,00	-4,32
765,00	-1,13
766,00	-0,77
767,00	-4,23
768,00	-2,01
769,00	-2,21
770,00	-2,85
771,00	-0,36
772,00	-2,89
773,00	-2,90
774,00	0,22
775,00	-1,67
776,00	-0,11
777,00	-0,20
778,00	-2,27
779,00	0,15
780,00	1,04
781,00	-0,34
782,00	-5,37
783,00	-2,29
784,00	-1,98
785,00	-3,77
786,00	0,21
787,00	-1,98
788,00	1,34
789,00	-0,79
790,00	-1,74
791,00	1,91
792,00	-3,79
793,00	-2,51
794,00	-2,08
795,00	-0,94
796,00	-1,13
797,00	0,67
798,00	-0,91
799,00	-7,31
800,00	-2,06
801,00	-2,85
802,00	-0,45
803,00	-0,92
804,00	-2,17
805,00	-3,13
806,00	-2,76
807,00	-4,81
808,00	-1,87
809,00	-1,16
810,00	-3,13
811,00	-1,97
812,00	2,61
813,00	-0,03
814,00	-0,72
815,00	-3,69
816,00	1,82
817,00	-0,43
818,00	-0,56
819,00	-0,32
820,00	0,44
821,00	-2,76
822,00	-3,26
823,00	-2,46
824,00	-5,57
825,00	-3,26
826,00	-1,17
827,00	-1,48
828,00	1,59
829,00	-2,00
830,00	-1,60
831,00	-2,55
832,00	-2,28
833,00	-2,09
834,00	-0,19
835,00	-0,77
836,00	-1,09
837,00	-2,59
838,00	-0,43
839,00	2,18
840,00	1,00
841,00	-0,80
842,00	-1,34
843,00	-1,31
844,00	0,07
845,00	0,05
846,00	0,99
847,00	-4,09
848,00	-2,16
849,00	-2,06
850,00	-1,20
>>>>>End Processed Spectral Data<<<<<
